000000000000000000000000000000000000000000000
000000000000000000001000000000000000000000000
000000000000000000001010000000000000000000000
000000000000000000000101000000010000000000000
000000001100000000000100100000011000000000000
000000001100000000000101001100001100000000000
000000000000000000001010001100001110000000110
000000000000000000001000001100001100000000110
000000000000000000000000000000011000000000000
000000000000000000000000000000010000000000000
000000000000000000000000000000000000000000000
000000000000000000000000000000000000000000000
000000000000000000000000000000000000000000000
000000000000000000000000000000000000000000000
000000000000000000000000000000000000000000000
000000000000000000000000000000000000000000000
000000000000000000000000000000000000000000000
000000000000000000000000000000000000000000000
000000000000000000000000000000000000000000000
000000000000000000000000000000000000000000000
000000000000000000000000000000000000000000000
000000000000000000000000000000000000000000000
000000000000000000000000000000000000000000000
000000000000000000000000000000000000000000000
000000000000000000000000000000000000000000000
000000000000000000000000000000000000000000000
000000000000000000000000000000000000000000000
000000000000000000000000000000000000000000000
000000000000000000000000000000000000000000000
000000000000000000000000000000000000000000000
